timestamps:
  login: 1651141133180
  logout: 1651141428878
ipAddress: 127.0.0.1
logoutlocation:
  world: world
  x: 227.69999998807907
  y: 72.0
  z: 315.18245067282726
  yaw: -27.645058
  pitch: 10.675772
